Projectile: 3He; target: 12C; E = 25.3 MeV
http://dx.doi.org/10.1143/JPSJ.25.1207
Angle       C/s
2.193e+01   2.586e+03               
2.457e+01   9.572e+02               
2.820e+01   2.544e+02               
3.109e+01   3.953e+02               
3.430e+01   4.470e+02               
3.702e+01   3.499e+02               
4.017e+01   2.292e+02               
4.339e+01   9.750e+01               
4.645e+01   2.496e+01               
5.146e+01   7.910e+00               
5.510e+01   6.082e+01   2.379e+01   
5.809e+01   8.114e+01   2.345e+01   
6.104e+01   6.681e+01   1.717e+01   
6.384e+01   4.057e+01   1.376e+01   
6.689e+01   2.980e+01   1.011e+01   
6.957e+01   1.635e+01   3.683e+00   