Projectile: 3He; target: 16O; E = 28.9 MeV
http://dx.doi.org/10.1016/0029-5582(62)91050-7
Angle       C/s
16.106      1211.600                
17.645      577.640                 
18.798      331.420                 
20.554      200.920                 
22.106      115.250                 
23.475      82.540                  
25.053      67.277                  
26.471      92.048                  
28.063      90.269      6.447       
29.465      98.924                  
30.849      86.834                  
32.437      80.560                  
33.810      59.872      5.288       
35.176      41.324                  
36.535      25.526                  
38.073      12.170      1.075       
39.392      4.479       0.756       
41.130      2.135       0.152       
42.354      3.146       0.579       
43.960      3.712       0.390       
45.424      9.349       0.982       
46.626      10.247      0.906       
48.236      12.780      0.910       
49.639      14.266      1.258       
52.226      13.725                  
55.395      10.770      0.767       
56.576      8.945       0.790       
57.950      6.772                   
59.334      5.944       0.722       
60.671      2.731       0.287       
63.834      1.990       0.274       
64.985      1.101       0.186       
67.942      0.731       0.177       
70.533      0.744       0.125       
71.708      0.563       0.104       
74.689      0.512       0.079       
77.063      0.410       0.075       
79.690      0.674       0.124       