Projectile: 10Be; target: d; E = 75 MeV
https://doi.org/10.1103/PhysRevLett.108.192701
Angle       R/s
29.6        8.40        0.13        11.0        
31.8        5.88        0.11        11.0        
33.9        4.13        0.11        11.0        
36.0        2.67        0.12        11.0        
37.9        1.45        0.10        11.0        
39.7        0.46        0.10        11.0        
40.6        0.23        0.07        11.0        
43.8        0.71        0.18        11.0        
47.0        2.64        0.16        11.0        
50.2        4.25        0.21        11.0        
53.4        5.42        0.25        11.0        
56.5        6.55        0.51        11.0        
59.7        6.40        0.60        11.0        