Projectile: 10Be; target: d; E = 90 MeV
https://doi.org/10.1103/PhysRevLett.108.192701
Angle       R/s
29.0        5.67        0.19        11.0        
30.9        3.58        0.22        11.0        
32.7        2.33        0.26        11.0        
34.5        1.73        0.30        11.0        
37.4        0.43        0.20        11.0        
40.6        0.71        0.16        11.0        
43.7        1.96        0.22        11.0        
46.9        3.71        0.23        11.0        
50.1        4.25        0.27        11.0        
53.3        4.92        0.33        11.0        
56.5        3.56        0.23        11.0        
59.7        3.87        0.59        11.0        