Projectile: 14N; target: 9Be; E = 25 MeV
http://dx.doi.org/10.1016/0029-5582(65)90449-9
Angle       C/s
40.277      2.449e+02               
53.963      5.935e+01               
59.043      3.099e+01               
63.963      2.076e+01               
67.826      1.462e+01               
68.704      1.345e+01               
74.154      9.007e+00               
79.080      6.664e+00               
82.077      6.022e+00               
84.009      5.097e+00               
89.110      3.647e+00               
94.211      2.610e+00               
98.953      1.720e+00               
104.044     1.060e+00               
109.151     8.380e-01               
113.737     7.566e-01               
119.053     9.673e-01               
124.152     6.697e-01               
128.907     5.383e-01   7.636e-02   
134.014     4.256e-01               
138.953     3.778e-01   9.089e-02   
143.716     3.411e-01               
149.014     3.345e-01   8.054e-02   
153.800     4.349e-01               
158.754     4.870e-01               
164.042     4.114e-01               
168.838     6.107e-01   1.597e-01   