Projectile: 9Be; target: 12C; E = 14.9 MeV
https://doi.org/10.1016/0375-9474(79)90676-6
Angle       R/s
8.7518      1.0085      8.9452e-02  
12.934      0.93784     9.5654e-02  
17.588      0.5432      4.8180e-02  
21.773      0.40598                 
26.185      0.42626                 
30.374      0.2499                  
34.796      0.14474                 
39.202      0.21875                 
42.456      0.18912     1.6774e-02  
43.617      0.19144     1.4465e-02  
47.813      7.5185e-02  6.6686e-03  
51.996      6.5798e-02  7.5967e-03  
56.406      7.5213e-02  9.7084e-03  
60.593      5.0395e-02  5.8182e-03  
64.551      2.8144e-02  2.8705e-03  
68.724      4.6871e-02  5.4114e-03  
72.9        5.9763e-02  6.0955e-03  
76.854      4.2548e-02  5.4920e-03  
79.881      2.6184e-02  4.1064e-03  
84.771      1.2338e-02  3.0134e-03  
89.859      4.6914e-02  1.1458e-02  
94.727      8.7155e-02  1.2452e-02  
99.839      7.3549e-02  1.1535e-02  
104.73      4.2600e-02  9.1331e-03  
109.6       6.2838e-02  1.2551e-02  
114.7       6.7601e-02  1.3502e-02  
119.81      0.10468     1.9393e-02  
124.68      0.10991     2.5194e-02  
130.02      0.17866     4.0954e-02  
134.67      0.10996     2.0371e-02  
139.77      0.27007     3.4861e-02  
143.94      0.33204     4.2860e-02  
149.99      0.26053     3.7222e-02  
154.86      0.37508     8.5978e-02  
159.96      0.70532     0.13067     