Projectile: 9Be; target: 13C; E = 19.5 MeV
https://doi.org/10.1016/0375-9474(79)90507-4
Angle       R/s
15.69       1.19640     0.22781     
19.49       0.63589                 
23.51       0.48907                 
27.47       0.53714                 
30.93       0.39701                 
34.98       0.24079                 
38.70       0.20853                 
41.79       0.25111                 
45.79       0.22330                 
50.39       0.15870                 
53.86       0.10417                 
58.12       0.10432                 
61.80       0.11608                 
65.79       0.10460                 
68.96       0.08042                 
70.42       0.06180                 
72.76       0.03897                 
74.75       0.04058                 
77.61       0.03560                 
79.32       0.03290                 
81.84       0.04232                 
83.78       0.05812                 
86.64       0.05167                 
88.07       0.04776                 
91.49       0.04302     0.00482     
96.33       0.03982                 
98.93       0.03184                 
101.19      0.03316                 
102.08      0.02685                 
104.64      0.02516                 
106.90      0.02762     0.00277     
108.07      0.02297                 
110.60      0.02623     0.00263     
112.86      0.02879                 
113.39      0.03510     0.00434     
115.99      0.02807     0.00347     
119.95      0.03043     0.00341     
121.95      0.02888     0.00323     
123.64      0.03128     0.00387     
125.33      0.03344     0.00414     
127.27      0.04414     0.00494     
130.10      0.04911     0.00550     
133.72      0.07500     0.00662     
137.13      0.07218     0.00637     
140.54      0.07131     0.00714     
143.40      0.06683     0.00749     
145.95      0.06601     0.00662     
149.87      0.09564     0.00959     
155.45      0.18054     0.01810     
161.09      0.22940     0.02838     
164.24      0.19602     0.03090     