Projectile: 9Be; target: 16O; E = 14.5 MeV
https://doi.org/10.1143/JPSJ.38.1563
Angle       C/s
3.781e+01   9.313e+02                           
5.083e+01   2.119e+02                           
5.900e+01   8.620e+01                           
8.026e+01   1.538e+01                           
8.415e+01   1.142e+01                           
8.894e+01   7.497e+00   +4.926e-01  -4.621e-01  
9.438e+01   5.823e+00   +4.623e-01  -3.729e-01  
1.050e+02   3.365e+00   +1.578e-01  -3.024e-01  
1.155e+02   1.511e+00   +1.158e-01  -1.906e-01  
1.210e+02   1.010e+00   +6.639e-02  -1.116e-01  
1.305e+02   9.910e-01   +6.246e-02  -9.367e-02  
1.418e+02   6.452e-01   +5.478e-02  -7.273e-02  
1.447e+02   5.961e-01   +5.558e-02  -5.908e-02  
1.483e+02   4.401e-01   +4.593e-02  -4.360e-02  