Projectile: 9Be; target: 16O; E = 26 MeV
https://doi.org/10.1016/0375-9474(79)90507-4
Angle       R/s
17.23       5.5883e-01  6.9076e-02  
20.62       5.4483e-01              
24.64       3.4830e-01              
28.93       2.4423e-01              
32.59       2.5775e-01              
35.74       1.8550e-01              
37.17       1.6699e-01              
41.20       9.8630e-02              
43.71       1.1564e-01              
48.23       1.1580e-01              
51.99       6.4021e-02              
56.30       3.7816e-02              
59.92       5.4777e-02              
63.60       5.0000e-02              
67.34       2.9921e-02              
71.32       2.5910e-02              
74.69       2.7705e-02              
78.66       2.5291e-02              
82.43       1.2417e-02  1.0945e-03  
85.84       1.0471e-02  9.2376e-04  
89.17       1.6415e-02  1.4482e-03  
92.52       2.1394e-02  2.3971e-03  
95.92       2.0858e-02  1.5876e-03  
99.09       1.2480e-02  1.2502e-03  
101.97      8.7472e-03  9.7941e-04  
105.02      1.2668e-02  1.2681e-03  
108.10      1.5661e-02  2.4674e-03  
110.96      1.2199e-02  1.7872e-03  
113.22      1.2047e-02  1.8971e-03  
116.91      1.0710e-02  1.6874e-03  
119.73      1.0862e-02  2.2961e-03  
141.96      2.4619e-03  1.2548e-03  