Projectile: 4He; target: 14N; E = 23.1 MeV
http://dx.doi.org/10.1016/0375-9474(77)90683-2
Angle       C/s
14.37       4522.                   
16.81       2302.                   
20.39       801.9                   
22.88       68.13                   
25.40       74.29                   
28.56       171.1                   
31.99       200.3                   
35.96       221.8                   
38.05       108.2                   
41.04       52.85                   
43.87       21.78                   
47.27       30.21                   
50.11       51.73                   
53.37       53.34                   
56.10       48.43                   
61.77       30.98                   
67.85       14.74                   
71.14       11.96       1.618       
74.25       9.981       1.511       
77.50       11.04                   
80.21       11.54                   
82.71       16.00                   
85.21       5.043                   
88.35       3.220       0.4875      
90.84       4.654                   
93.26       11.66                   
95.93       17.34                   
101.2       24.42                   
106.4       16.75                   
111.0       11.17                   
116.2       18.89                   
121.6       35.78                   
124.9       33.90                   
127.6       34.94                   
129.8       29.14                   
134.0       17.11       2.590       
138.2       20.04       3.694       
141.9       37.91                   
144.8       40.76                   
148.2       51.94                   
151.1       49.90                   
154.7       43.46       6.580       
158.8       36.80                   
162.2       45.59                   
166.1       68.83                   
169.5       105.3       17.67       
173.8       202.1       33.91       