Projectile: 6Li; target: 25Mg; E = 34.0 MeV
http://dx.doi.org/10.1016/0375-9474(82)90587-5
Angle       R/s
8.499e+00   9.007e-01               
9.768e+00   8.017e-01               
1.116e+01   6.831e-01               
1.370e+01   4.350e-01               
1.611e+01   3.600e-01               
1.853e+01   3.872e-01               
2.119e+01   2.979e-01               
2.335e+01   1.664e-01               
2.576e+01   1.300e-01               
2.804e+01   1.593e-01               
3.058e+01   1.525e-01               
3.312e+01   9.164e-02               
3.553e+01   4.623e-02               
3.807e+01   5.119e-02               
4.023e+01   6.653e-02               
4.277e+01   5.836e-02               
4.518e+01   3.167e-02               
4.746e+01   1.303e-02               
5.013e+01   1.529e-02               
5.228e+01   2.472e-02               
5.444e+01   2.545e-02               
5.711e+01   1.718e-02               
5.939e+01   6.113e-03               
6.155e+01   3.516e-03   3.406e-04   
6.396e+01   6.024e-03   4.548e-04   
6.624e+01   8.298e-03   7.573e-04   
6.840e+01   8.925e-03   7.464e-04   
7.056e+01   5.441e-03   8.050e-04   
7.297e+01   3.365e-03   2.815e-04   
7.513e+01   2.373e-03   3.511e-04   
7.716e+01   2.479e-03   2.725e-04   
7.932e+01   3.567e-03   5.590e-04   