Projectile: 6Li; target: 26Mg; E = 34.0 MeV
http://dx.doi.org/10.1016/0375-9474(82)90587-5
Angle       R/s
8.626e+00   8.835e-01               
1.116e+01   6.778e-01               
1.332e+01   4.622e-01               
1.586e+01   3.706e-01               
1.840e+01   3.599e-01               
2.081e+01   2.603e-01               
2.322e+01   1.466e-01               
2.462e+01   1.284e-01               
2.665e+01   1.342e-01               
2.906e+01   1.382e-01               
3.147e+01   9.851e-02               
3.414e+01   4.581e-02               
3.541e+01   3.620e-02               
3.655e+01   3.728e-02               
3.769e+01   4.649e-02               
4.010e+01   5.547e-02               
4.264e+01   4.788e-02               
4.480e+01   1.759e-02               
4.721e+01   6.370e-03               
5.165e+01   2.162e-02               
5.419e+01   1.922e-02               
5.660e+01   9.204e-03               
5.888e+01   1.849e-03   2.532e-04   
6.104e+01   2.519e-03   2.735e-04   
6.333e+01   4.676e-03   4.579e-04   
6.561e+01   5.498e-03   6.823e-04   
6.815e+01   3.861e-03   4.290e-04   
7.018e+01   1.668e-03   2.085e-04   