Projectile: 6Li; target: 27Al; E = 34.0 MeV
http://dx.doi.org/10.1016/0375-9474(82)90587-5
Angle       R/s
7.230e+00   9.594e-01               
9.261e+00   8.532e-01               
1.205e+01   7.051e-01               
1.459e+01   4.475e-01               
1.688e+01   3.980e-01               
1.929e+01   3.865e-01               
2.157e+01   2.758e-01               
2.398e+01   1.700e-01               
2.665e+01   1.534e-01               
2.893e+01   1.725e-01               
3.134e+01   1.405e-01               
3.363e+01   8.048e-02               
3.617e+01   4.678e-02               
3.858e+01   6.002e-02               
4.099e+01   6.749e-02               
4.315e+01   4.817e-02               
4.568e+01   2.150e-02               
4.810e+01   1.214e-02   1.511e-03   
5.025e+01   1.857e-02   3.251e-03   
5.254e+01   2.527e-02   3.565e-03   
5.508e+01   2.247e-02   3.170e-03   
5.736e+01   1.232e-02   1.533e-03   
5.939e+01   3.755e-03   4.157e-04   
6.193e+01   3.867e-03   4.280e-04   
6.409e+01   6.366e-03   7.047e-04   
6.637e+01   7.264e-03   7.087e-04   
6.853e+01   4.348e-03   4.813e-04   
7.069e+01   1.804e-03   1.997e-04   
7.297e+01   1.581e-03   2.355e-04   
7.513e+01   2.565e-03   4.138e-04   
7.716e+01   2.760e-03   4.111e-04   
7.944e+01   3.439e-03   5.123e-04   