Projectile: 6Li; target: 28Si; E = 34.0 MeV
http://dx.doi.org/10.1016/0375-9474(83)90580-8
Angle       R/s
9.60e+00    9.24e-01                
1.07e+01    8.21e-01                
1.20e+01    7.02e-01                
1.30e+01    5.66e-01                
1.40e+01    4.65e-01                
1.55e+01    3.97e-01                
1.82e+01    3.90e-01                
1.92e+01    3.53e-01                
2.04e+01    3.02e-01                
2.17e+01    2.29e-01                
2.30e+01    1.85e-01                
2.42e+01    1.37e-01                
2.60e+01    1.30e-01                
2.92e+01    1.37e-01                
3.12e+01    1.17e-01                
3.32e+01    6.17e-02                
3.56e+01    3.63e-02                
3.80e+01    4.50e-02                
4.03e+01    5.17e-02                
4.25e+01    3.78e-02                
4.46e+01    1.62e-02                
4.73e+01    7.13e-03                
4.86e+01    9.96e-03                
4.98e+01    1.56e-02                
5.11e+01    1.36e-02                
5.18e+01    2.01e-02                
5.33e+01    1.18e-02                
5.56e+01    6.86e-03                
5.68e+01    3.59e-03                
5.80e+01    1.63e-03                
5.88e+01    8.75e-04                
6.17e+01    2.24e-03                
6.38e+01    4.28e-03                
6.58e+01    4.91e-03                
6.83e+01    2.89e-03                
7.04e+01    1.19e-03                
7.29e+01    4.49e-04                
7.42e+01    5.46e-04                
7.49e+01    6.78e-04                
7.49e+01    7.93e-04                
7.68e+01    1.32e-03                
7.91e+01    1.51e-03                
8.08e+01    2.15e-03    9.82e-04    
8.16e+01    7.93e-04    1.16e-04    
8.23e+01    1.67e-03    6.06e-04    
8.35e+01    2.75e-04    4.89e-05    
8.47e+01    1.18e-04    1.05e-04    
8.58e+01    9.72e-05    2.62e-05    
8.69e+01    2.59e-04    1.72e-04    
8.78e+01    7.48e-04    2.52e-04    
8.88e+01    1.19e-03    1.93e-04    
9.00e+01    1.54e-03    3.24e-04    
9.10e+01    1.67e-03    2.70e-04    
9.25e+01    1.99e-03    1.50e-04    
9.42e+01    1.54e-03    2.75e-04    
9.62e+01    1.88e-03    3.64e-04    
9.85e+01    6.91e-04    1.76e-04    
1.00e+02    2.69e-04    3.91e-05    
1.02e+02    3.55e-04    6.88e-05    
1.04e+02    1.93e-04    7.72e-05    
1.06e+02    1.01e-04    6.60e-05    
1.08e+02    7.05e-04    1.02e-04    
1.12e+02    7.62e-04    8.46e-05    
1.14e+02    9.10e-04    1.16e-04    
1.16e+02    4.95e-04    1.33e-04    
1.18e+02    2.49e-04    3.62e-05    
1.20e+02    1.38e-04    2.01e-05    
1.21e+02    1.28e-04    2.07e-05    
1.23e+02    1.41e-04    3.59e-05    
1.25e+02    1.38e-04    3.32e-05    
1.27e+02    3.79e-05    2.50e-05    
1.29e+02    1.20e-04    4.23e-05    
1.44e+02    4.15e-04    8.71e-05    
1.46e+02    2.01e-04    7.79e-05    
1.47e+02    8.99e-05    5.99e-05    
1.49e+02    1.58e-04    1.05e-04    
1.51e+02    3.34e-04    1.17e-04    
1.52e+02    3.91e-04    1.51e-04    
1.54e+02    9.10e-04    2.18e-04    