Projectile: 6Li; target: 28Si; E = 27.0 MeV
http://dx.doi.org/10.1016/0375-9474(83)90580-8
Angle       R/s
5.74e+00    9.43e-01                
7.42e+00    1.14e+00                
8.08e+00    9.08e-01                
9.09e+00    1.00e+00                
1.06e+01    1.08e+00                
1.17e+01    9.80e-01                
1.32e+01    9.80e-01                
1.46e+01    8.24e-01                
1.51e+01    7.06e-01                
1.67e+01    6.29e-01                
1.77e+01    5.19e-01                
1.91e+01    4.80e-01                
2.02e+01    5.19e-01                
2.12e+01    4.20e-01                
2.24e+01    4.20e-01                
2.36e+01    3.53e-01                
2.46e+01    3.02e-01                
2.59e+01    2.64e-01                
2.67e+01    2.18e-01                
2.76e+01    2.05e-01                
2.86e+01    2.14e-01                
3.06e+01    1.87e-01                
3.21e+01    1.90e-01                
3.36e+01    1.83e-01                
3.53e+01    1.40e-01                
3.68e+01    1.11e-01                
3.81e+01    8.48e-02                
3.86e+01    7.00e-02                
4.13e+01    6.23e-02                
4.29e+01    6.48e-02                
4.46e+01    7.27e-02                
4.63e+01    6.86e-02                
4.75e+01    6.23e-02                
4.95e+01    4.85e-02                
5.10e+01    3.63e-02                
5.24e+01    2.52e-02                
5.41e+01    2.12e-02                
5.68e+01    2.33e-02                
5.98e+01    2.42e-02                
6.13e+01    2.12e-02                
6.36e+01    1.33e-02                
6.48e+01    9.25e-03                
6.58e+01    7.34e-03                
6.71e+01    5.94e-03                
7.03e+01    8.73e-03                
7.15e+01    9.25e-03                
7.27e+01    1.18e-02                
7.40e+01    1.18e-02                
7.47e+01    1.03e-02                
7.60e+01    9.25e-03                
7.72e+01    9.43e-03                
7.80e+01    4.90e-03                
8.13e+01    1.22e-03                
8.24e+01    6.73e-04    7.35e-05    
8.36e+01    4.67e-04    8.92e-05    
8.49e+01    5.66e-04    9.92e-05    
8.72e+01    1.94e-03                
8.87e+01    3.67e-03                
9.12e+01    3.67e-03                
9.34e+01    3.74e-03                
9.54e+01    2.40e-03                
9.76e+01    1.60e-03                
9.90e+01    9.90e-04                
1.01e+02    8.82e-04                
1.03e+02    1.11e-03                
1.05e+02    1.32e-03                
1.07e+02    1.17e-03                
1.09e+02    9.90e-04                
1.13e+02    4.16e-04                
1.15e+02    5.55e-04                
1.17e+02    9.52e-04                
1.18e+02    1.13e-03                
1.20e+02    1.57e-03                
1.21e+02    2.18e-03                
1.24e+02    1.45e-03                
1.26e+02    1.09e-03                
1.28e+02    6.00e-04    1.00e-04    
1.30e+02    4.00e-04    1.04e-04    
1.32e+02    3.11e-04    6.43e-05    
1.37e+02    1.96e-04    3.74e-05    
1.38e+02    5.34e-04    1.26e-04    
1.40e+02    3.23e-04    7.64e-05    
1.42e+02    5.45e-04                
1.43e+02    7.70e-04    1.45e-04    
1.46e+02    9.71e-04                
1.47e+02    1.11e-03                
1.48e+02    1.11e-03                
1.49e+02    1.42e-03    3.37e-04    
1.50e+02    5.66e-04    8.17e-05    
1.52e+02    6.60e-04    9.54e-05    
1.58e+02    1.66e-03                
1.60e+02    2.35e-03    4.13e-04    
1.62e+02    5.55e-04    1.05e-04    
1.63e+02    5.14e-04    8.57e-05    
1.65e+02    1.02e-03    1.96e-04    
1.66e+02    6.60e-04    7.21e-05    
1.68e+02    1.51e-03    1.90e-04    
1.72e+02    1.98e-03                
1.74e+02    2.59e-03                