Projectile: 6Li; target: 28Si; E = 25.0 MeV
http://dx.doi.org/10.1016/S0370-2693(03)00079-0
Angle       R/s
16.699      0.9553                  
19.223      0.7049                  
22.089      0.5851                  
25.601      0.4937                  
28.766      0.3581                  
30.969      0.2643                  
34.492      0.2385                  
37.041      0.2048                  
42.701      0.0911                  
45.899      0.0808                  
48.490      0.0893                  
54.488      0.0439                  
60.203      0.0274                  
66.627      0.0255                  
71.615      0.0096                  
93.078      0.0053                  
112.711     0.0008      0.0002      
131.092     0.0009      0.0002      
148.532     0.0014      0.0003      
164.590     0.0011      0.0003      