Projectile: 6Li; target: 39K; E = 34.0 MeV
http://dx.doi.org/10.1016/0375-9474(81)90139-1
Angle       R/s
9.71e+00    8.87e-01                
1.08e+01    8.86e-01                
1.24e+01    7.93e-01                
1.33e+01    7.10e-01                
1.41e+01    6.72e-01                
1.54e+01    6.13e-01                
1.67e+01    5.38e-01                
1.78e+01    5.28e-01                
1.92e+01    4.64e-01                
2.01e+01    3.93e-01                
2.13e+01    3.27e-01                
2.24e+01    2.77e-01                
2.36e+01    2.52e-01                
2.47e+01    2.34e-01                
2.59e+01    2.22e-01                
2.72e+01    2.06e-01                
2.81e+01    1.91e-01                
2.95e+01    1.59e-01                
3.03e+01    1.27e-01                
3.19e+01    1.00e-01                
3.26e+01    8.98e-02                
3.37e+01    8.34e-02                
3.55e+01    8.49e-02                
3.63e+01    8.19e-02                
3.75e+01    8.18e-02                
3.83e+01    7.60e-02                
3.98e+01    5.66e-02                
4.04e+01    4.53e-02                
4.17e+01    3.77e-02                
4.30e+01    3.13e-02                
4.43e+01    2.96e-02                
4.51e+01    2.96e-02                
4.68e+01    3.07e-02                
4.74e+01    3.02e-02                
4.88e+01    2.55e-02                
4.97e+01    2.24e-02                
5.04e+01    1.64e-02                
5.15e+01    1.26e-02                
5.33e+01    9.10e-03                
5.41e+01    8.14e-03                
5.51e+01    8.93e-03                
5.56e+01    1.13e-02                
5.73e+01    1.22e-02                
5.84e+01    1.26e-02                
5.97e+01    1.19e-02                
6.07e+01    1.03e-02                
6.17e+01    7.84e-03                
6.28e+01    4.68e-03                
6.44e+01    2.79e-03                
6.53e+01    2.19e-03                
6.64e+01    2.04e-03                
6.74e+01    2.49e-03                
6.84e+01    3.00e-03                
6.95e+01    3.68e-03                
7.03e+01    3.61e-03                
7.15e+01    3.17e-03                
7.26e+01    2.94e-03                
7.33e+01    2.49e-03                
7.48e+01    2.03e-03                
7.52e+01    1.69e-03                
7.80e+01    1.40e-03                
7.93e+01    1.40e-03                
8.01e+01    1.35e-03                
8.16e+01    1.12e-03                
8.28e+01    9.21e-04                
8.33e+01    7.24e-04                
8.50e+01    4.24e-04                
8.59e+01    2.77e-04                
8.78e+01    2.30e-04    3.88e-05    
8.86e+01    3.15e-04                
8.95e+01    4.32e-04                
9.05e+01    7.51e-04                
9.13e+01    8.87e-04                
9.19e+01    1.04e-03                
9.24e+01    1.19e-03                
9.41e+01    1.38e-03                
9.54e+01    1.45e-03                
9.70e+01    1.37e-03                
9.75e+01    1.00e-03                
9.90e+01    7.64e-04    8.00e-05    
9.96e+01    6.01e-04                
1.00e+02    4.82e-04    4.24e-05    
1.01e+02    3.33e-04    2.93e-05    
1.02e+02    2.67e-04                
1.03e+02    2.39e-04                
1.04e+02    2.43e-04    2.14e-05    
1.09e+02    4.90e-04    5.13e-05    
1.10e+02    6.23e-04    7.29e-05    
1.11e+02    6.83e-04                
1.12e+02    4.72e-04                
1.13e+02    6.46e-04                
1.14e+02    4.47e-04    4.67e-05    
1.16e+02    3.58e-04    4.91e-05    
1.18e+02    2.47e-04    5.27e-05    
1.22e+02    3.03e-04    6.89e-05    
1.25e+02    1.67e-04    3.58e-05    
1.32e+02    4.22e-04    9.60e-05    
1.34e+02    3.84e-04    5.27e-05    
1.36e+02    6.81e-04    1.35e-04    
1.40e+02    4.53e-04    1.03e-04    
1.43e+02    3.50e-04    3.08e-05    
1.49e+02    3.83e-04    7.04e-05    
1.51e+02    4.78e-04    6.57e-05    
1.54e+02    6.08e-04                
1.56e+02    5.86e-04    7.09e-05    
1.58e+02    3.07e-04    6.22e-05    
1.60e+02    4.36e-04    8.01e-05    
1.62e+02    4.87e-04    8.94e-05    
1.64e+02    4.96e-04    8.35e-05    
1.66e+02    3.83e-04    9.79e-05    
1.69e+02    7.17e-04    1.20e-04    
1.71e+02    9.80e-04    1.18e-04    
1.73e+02    1.26e-03                