Projectile: 6Li; target: 59Co; E = 12.0 MeV
http://dx.doi.org/10.1103/PhysRevC.75.044601
Angle       R/s
11.196      0.98142     0.17196     
13.522      1.0345                  
16.721      1.0346                  
19.339      0.99907                 
21.957      1.0168                  
24.575      0.99928                 
27.483      0.99939                 
30.101      1.0172                  
32.718      1.0535                  
33.01       0.98225                 
35.627      1.0353                  
38.245      0.99981                 
41.154      1.0176                  
43.48       1.0357                  
46.389      1.0178                  
49.007      1.0002                  
51.625      1.0003                  
54.242      1.0181                  
57.151      1.0182                  
59.768      1.0183                  
62.386      1.0184                  
65.295      1.0365                  
70.239      1.0367                  
72.857      1.0552                  
75.475      1.0369      0.21112     
78.092      1.0191      0.14859     
80.419      1.0555      0.18492     
83.036      1.0742      0.2036      
85.655      1.0374      0.16664     
87.982      1.0017                  
90.6        1.0019                  
93.508      1.002                   
95.835      1.0198                  
98.162      0.98475                 
100.78      0.96775                 
103.11      0.93453                 
105.72      0.98504                 
108.34      0.93472                 
110.67      0.93481                 
113.        0.91866                 
115.32      0.90279                 
117.94      0.88721                 
119.98      0.85675                 
122.3       0.90304                 
124.92      0.87205     0.16529     
126.96      0.82748                 
129.58      0.78521     0.10265     
131.9       0.77165                 
134.52      0.75834                 