Projectile: 6Li; target: 59Co; E = 30.0 MeV
http://dx.doi.org/10.1103/PhysRevC.75.044601
Angle       R/s
10.979      1.0247                  
13.595      1.1186                  
16.503      1.1586                  
19.412      1.1587                  
22.031      1.0804                  
24.651      0.87575                 
27.271      0.69752                 
30.181      0.56538                 
32.801      0.47461                 
35.713      0.36501                 
38.333      0.27585                 
41.245      0.20846                 
43.574      0.16604                 
46.485      0.12995                 
49.106      9.9941e-2               
51.727      7.5528e-2               
54.346      6.2301e-2               
56.967      4.8760e-2               
59.878      3.7500e-2               
62.498      2.9350e-2               
65.118      2.3790e-2               
72.986      6.3992e-3               
75.602      7.6247e-3   1.5524e-3   
78.22       6.8649e-3               
80.55       5.4677e-3               
83.169      4.8374e-3   9.1684e-4   
85.789      3.7203e-3   1.0336e-3   
85.792      3.0152e-3               
88.409      3.0155e-3               
90.739      2.2004e-3               
93.358      2.0880e-3   3.0446e-4   
95.974      2.4447e-3   5.6475e-4   