Projectile: 6Li; target: 59Co; E = 18.0 MeV
http://dx.doi.org/10.1103/PhysRevC.75.044601
Angle       R/s
10.929      1.0073                  
13.836      1.2215                  
16.746      1.0254                  
19.364      1.0255                  
21.691      1.0255                  
21.983      0.93958                 
24.6        1.0079                  
27.217      1.008                   
30.126      1.0081                  
32.743      1.0813                  
33.035      0.97349                 
35.652      1.0442                  
38.269      1.1007                  
40.887      1.0444                  
43.796      1.0086                  
46.415      0.92415                 
49.033      0.92425                 
51.651      0.84685                 
53.979      0.74922                 
54.269      0.81779                 
56.889      0.68648                 
59.507      0.65142                 
62.417      0.58651                 
64.745      0.53739                 
67.655      0.45111                 
70.273      0.43563                 
72.892      0.38542                 
75.221      0.32925     7.6056e-2   
77.841      0.27159     4.3625e-2   
80.459      0.26227     3.4282e-2   
83.078      0.23203                 
85.696      0.21636     4.4048e-2   
88.316      0.18162                 
90.643      0.17234                 
92.971      0.15791                 
95.881      0.14217                 
98.21       0.11727                 
100.54      0.11728                 
103.45      0.10746                 
105.19      9.1801e-2               
105.77      0.1002                  
108.1       8.4114e-2               
110.43      8.1226e-2               
113.05      7.0615e-2               
115.67      7.0623e-2               
117.7       5.6248e-2               
120.32      5.8259e-2               
122.36      5.2453e-2               
124.69      5.0652e-2   7.6178e-3   
124.98      4.4031e-2   7.7148e-3   
127.31      4.2520e-2               
129.92      4.1060e-2   8.3606e-3   
131.96      3.5696e-2   6.7654e-3   
134.29      2.8431e-2   4.5671e-3   