Projectile: 6Li; target: 90Zr; E = 34.0 MeV
http://dx.doi.org/10.1016/0375-9474(79)90506-2
Angle       R/s
7.759       1.011       0.017       
8.812       1.002       0.019       
10.055      1.002       0.017       
11.012      1.002       0.014       
12.160      1.004       0.014       
13.115      1.023       0.019       
14.265      1.002       0.019       
15.414      0.990       0.014       
16.276      0.973       0.014       
17.424      0.969       0.014       
18.474      1.002       0.014       
19.620      1.029                   
20.668      1.074                   
21.718      1.096                   
22.864      1.122                   
23.820      1.132                   
24.872      1.130                   
25.928      1.091                   
26.980      1.091                   
28.131      1.055                   
28.901      1.010                   
30.150      0.945                   
31.207      0.890                   
33.511      0.792                   
35.436      0.663                   
37.742      0.548                   
39.854      0.462                   
42.061      0.383                   
44.074      0.340                   
46.280      0.271                   
48.102      0.225                   
50.306      0.180                   
52.509      0.149                   
54.902      0.128                   
57.584      0.094                   
58.829      0.075                   
61.030      0.063                   
63.041      0.049                   
65.050      0.042                   
67.156      0.032                   
69.356      0.035                   
71.270      0.025                   
73.662      0.021                   
75.575      0.021                   