Projectile: 6Li; target: 90Zr; E = 70.0 MeV
http://dx.doi.org/10.1103/PhysRevC.47.629
Angle       R/s
5.858e+00   9.113e-01   5.655e-01   
6.693e+00   9.635e-01   4.076e-01   
7.207e+00   1.000e+00   3.459e-01   
7.916e+00   1.138e+00   2.580e-01   
8.556e+00   1.117e+00   2.533e-01   
9.327e+00   1.160e+00   1.610e-01   
9.711e+00   1.138e+00   1.823e-01   
1.047e+01   1.117e+00   2.033e-01   
1.143e+01   8.002e-01   3.599e-01   
1.188e+01   1.018e+00   3.524e-01   
1.246e+01   9.113e-01   3.152e-01   
1.309e+01   7.855e-01   3.532e-01   
1.367e+01   7.027e-01               
1.450e+01   6.524e-01               
1.520e+01   6.286e-01               
1.564e+01   5.220e-01               
1.622e+01   5.220e-01               
1.692e+01   4.417e-01               
1.775e+01   3.737e-01               
1.825e+01   3.104e-01               
1.889e+01   2.828e-01               
1.960e+01   2.626e-01               
2.011e+01   2.484e-01               
2.081e+01   2.141e-01               
2.132e+01   2.025e-01               
2.176e+01   1.880e-01               
2.227e+01   1.681e-01               
2.265e+01   1.345e-01               
2.348e+01   1.181e-01               
2.399e+01   1.160e-01               
2.469e+01   1.000e-01               
2.514e+01   1.077e-01               
2.584e+01   8.781e-02               
2.654e+01   7.855e-02               
2.706e+01   7.855e-02               
2.743e+01   6.170e-02               
2.782e+01   6.057e-02               
2.820e+01   4.847e-02               
2.852e+01   4.584e-02               
2.870e+01   3.737e-02               
2.960e+01   3.807e-02               
3.011e+01   3.343e-02               
3.062e+01   3.343e-02               
3.139e+01   3.343e-02               
3.215e+01   2.725e-02               
3.279e+01   2.181e-02               
3.329e+01   1.778e-02               
3.400e+01   1.713e-02               
3.456e+01   1.181e-02               
3.546e+01   1.077e-02               
3.623e+01   1.057e-02               
3.725e+01   1.057e-02               
3.769e+01   8.619e-03               
3.853e+01   8.305e-03               
3.910e+01   6.897e-03               
3.973e+01   5.836e-03               
3.998e+01   4.177e-03               
4.036e+01   3.668e-03               
4.093e+01   3.162e-03               
4.190e+01   3.406e-03               
4.247e+01   3.343e-03               
4.305e+01   3.104e-03               
4.362e+01   3.221e-03               
4.433e+01   3.221e-03               
4.490e+01   2.725e-03               