Projectile: 6Li; target: 91Zr; E = 34.0 MeV
http://dx.doi.org/10.1016/0375-9474(79)90506-2
Angle       R/s
7.802       1.009       0.019       
8.854       1.009       0.019       
9.906       1.014       0.017       
10.864      0.997       0.014       
12.202      1.014       0.019       
13.065      0.992       0.022       
14.020      1.007       0.019       
15.364      0.954       0.014       
16.321      0.956       0.017       
17.179      0.983       0.024       
18.520      0.971       0.019       
19.470      1.050       0.019       
20.521      1.057       0.017       
21.761      1.100                   
22.716      1.124                   
23.768      1.120                   
24.822      1.103                   
25.779      1.098                   
26.833      1.084                   
28.082      1.017                   
29.139      0.971                   
30.197      0.895                   
31.156      0.876                   
33.176      0.742                   
35.290      0.639                   
37.501      0.512                   
39.708      0.435                   
41.818      0.368                   
43.833      0.308                   
46.038      0.244                   
48.147      0.196                   
50.543      0.146                   
52.554      0.127                   
54.565      0.103                   
56.767      0.086                   
58.777      0.070                   
62.989      0.043                   
65.094      0.036                   
67.199      0.029                   
69.112      0.029                   
73.992      0.020                   