Projectile: 6Li; target: 12C; E = 34 MeV
http://dx.doi.org/10.1016/0375-9474(73)90824-5
Angle       C/s
14.544      8.478e+02   1.533e+02   
17.687      2.398e+02               
21.863      2.267e+02               
25.501      1.028e+02               
29.382      1.581e+01   3.130e+00   
33.232      2.013e+00               
36.098      7.537e+00               
40.542      6.618e+00               
43.873      2.538e+00               
45.753      2.915e-01   4.233e-02   
47.755      1.668e-01               
51.507      1.980e+00               
54.697      4.159e+00               
58.265      2.871e+00               
61.422      2.089e+00   2.804e-01   
63.548      1.088e+00               
65.220      1.075e+00   1.573e-01   
68.541      9.057e-01   1.111e-01   
72.037      9.514e-01               
75.614      6.994e-01   9.378e-02   
78.824      2.980e-01               
81.937      1.651e-01   1.800e-02   
85.413      6.532e-02   6.523e-03   
91.278      1.586e-01               
94.554      2.381e-01               