Projectile: 6Li; target: 13C; E = 34 MeV
http://dx.doi.org/10.1016/0375-9474(73)90824-5
Angle       C/s
14.681      1.025e+03   1.035e+02   
17.778      2.128e+02   1.949e+01   
18.369      1.097e+02   1.319e+01   
22.357      1.825e+02               
25.935      1.335e+02               
29.054      3.182e+01   5.278e+00   
32.914      4.171e+00   4.693e-01   
36.995      1.235e+01               
41.009      1.015e+01               
43.931      1.684e+00               
47.999      3.382e-01   6.788e-02   
51.066      1.901e+00               
54.205      2.937e+00               
57.622      1.890e+00               
60.965      7.602e-01               
64.623      3.867e-01   5.716e-02   
68.040      5.907e-01               
71.153      7.774e-01               
74.449      5.567e-01               
77.782      2.123e-01               
80.667      6.684e-02               
84.075      4.077e-02   8.196e-03   
86.753      4.825e-02   5.812e-03   
89.916      8.653e-02   1.202e-02   
92.914      5.511e-02   5.041e-03   