Projectile: 6Li; target: 16O; E = 36 MeV
http://dx.doi.org/10.1016/0375-9474(73)90824-5
Angle       C/s
15.755      5.485e+02   7.052e+01   
17.377      3.987e+02               
20.026      3.935e+02               
21.522      3.080e+02               
22.726      2.240e+02   3.085e+01   
24.032      1.290e+02   2.461e+01   
25.304      6.012e+01   1.196e+01   
26.700      2.547e+01               
28.380      1.113e+01               
29.184      9.099e+00               
30.680      1.697e+01               
33.517      2.253e+01               
36.818      7.082e+00               
39.669      7.728e-01   1.140e-01   
42.321      7.791e-01   1.282e-01   
42.669      1.190e+00   2.812e-01   
50.003      1.943e+00               
51.930      1.655e+00               
54.366      1.845e-01               
57.733      1.161e+00               
59.991      1.357e+00               
61.002      1.676e+00               
64.455      1.352e+00               
66.262      1.294e+00               
67.332      9.710e-01               
68.964      3.156e-01               
71.918      1.549e-01               
74.112      5.139e-02   7.084e-03   
76.632      1.288e-01               
79.688      1.180e-01               
81.924      5.102e-02               
83.661      3.163e-02   3.537e-03   
86.616      3.697e-02               
89.264      8.603e-02               
90.720      1.258e-01               
93.290      1.798e-01               
95.320      2.890e-01               
97.516      2.310e-01               
100.559     1.965e-01               
102.032     1.340e-01               
104.365     2.498e-01               
106.282     1.996e-01               
110.230     1.088e-01               
112.782     1.399e-01               