Projectile: 6Li; target: 9Be; E = 12 MeV
http://dx.doi.org/10.1016/0375-9474(94)00323-F
Angle       R/s
26.3        0.2163      0.0188      
29.5        0.4486      0.0314      
33.0        0.5900      0.0513      
36.5        0.6237      0.0543      
39.6        0.4579      0.0399      
42.9        0.2702      0.0235      
46.5        0.1353      0.0162      
48.1        0.1306      0.0114      
49.5        0.1596      0.0112      
52.8        0.2758      0.0240      
55.9        0.3628                  
59.0        0.4124                  
62.1        0.2815                  
63.7        0.2390                  
65.2        0.1887                  
68.1        0.1093      0.0020      
71.4        0.1491      0.0079      
74.7        0.2072                  
76.1        0.2532                  
77.7        0.2775                  
84.1        0.3157      0.0365      
86.8        0.2991      0.0285      
88.0        0.2539      0.0293      
89.5        0.2156      0.0206      
92.2        0.1865      0.0254      
96.1        0.1005                  
98.2        0.1321      0.0115      
100.2       0.1645      0.0157      
103.9       0.2203      0.0300      
108.4       0.2899      0.0394      
111.9       0.2798      0.0267      
115.9       0.2852      0.0295      
120.0       0.2423                  
124.1       0.3246                  
128.2       0.2808                  
132.3       0.2916                  
136.2       0.3082                  
140.1       0.5138                  
144.5       0.7010                  
148.4       1.0286                  
152.1       1.1277      0.1075      
156.2       1.5957                  
160.1       1.1507      0.0809      
167.9       2.5232                  
171.6       3.4421                  