Projectile: 9Be; target: 16O; E = 18.1 MeV
https://doi.org/10.1143/JPSJ.38.1563
Angle       C/s
3.975e+01   3.780e+02   +2.169e+01  -2.497e+01  
5.127e+01   7.414e+01   +8.136e+00  -7.995e+00  
6.119e+01   2.056e+01   +2.605e+00  -1.792e+00  
7.051e+01   6.326e+00   +6.919e-01  -4.489e-01  
8.011e+01   2.720e+00   +2.594e-01  -2.560e-01  
9.070e+01   1.366e+00   +1.615e-01  -1.188e-01  
1.001e+02   1.060e+00   +8.098e-02  -5.230e-02  
1.049e+02   8.807e-01   +9.106e-02  -9.512e-02  
1.095e+02   3.786e-01   +4.904e-02  -4.156e-02  
1.163e+02   2.318e-01   +4.922e-02  -3.967e-02  
1.233e+02   3.902e-01   +4.272e-02  -4.121e-02  
1.302e+02   3.837e-01   +4.096e-02  -3.608e-02  
1.368e+02   3.392e-01   +4.291e-02  -3.577e-02  
1.410e+02   2.891e-01   +3.828e-02  -2.389e-02  
1.445e+02   3.476e-01   +4.984e-02  -3.832e-02  
1.486e+02   2.072e-01   +3.645e-02  -3.374e-02  
1.521e+02   1.885e-01   +3.147e-02  -2.661e-02  