Projectile: 12C; target: 16O; E = 76.8 MeV
http://dx.doi.org/10.1016/0375-9474(79)90309-9
Angle       C/s
12.3        6100.       0.513       0.002       
14.0        3000.       0.429       0.002       
15.8        942.        0.215       0.003       
17.5        425.        0.152       0.002       
19.2        408.        0.212       0.003       
21.0        263.        0.193       0.004       
22.7        71.9        0.0724      0.0028      
24.5        21.5        0.0289      0.0021      
26.2        48.8        0.0862      0.0030      
28.0        46.1        0.105       0.004       
29.7        20.3        0.0582      0.0033      
31.4        1.12        0.00389     0.00097     
33.2        7.22        0.0310      0.0021      
34.9        11.0        0.0573      0.0032      
36.6        7.32        0.0462      0.0032      
38.4        2.26        0.0171      0.0022      