Projectile: 7Li; target: 28Si; E = 177.8 MeV
http://dx.doi.org/10.1016/0375-9474(93)90201-8
Angle       C/s
6.4         4460.                   
7.17        2710.                   
7.73        1820.                   
8.28        1440.                   
8.99        740.                    
9.54        588.                    
10.17       420.        10.         
10.79       335.                    
11.42       270.        11.         
12.11       210.        19.         
12.67       132.                    
13.23       89.         22.         
13.86       50.         28.         
14.56       28.         40.         
15.18       49.         30.         
16.35       43.         60.         