Projectile: 7Li; target: 40Ca; E = 34.0 MeV
http://dx.doi.org/10.1103/PhysRevC.32.887
Angle       R/s
9.61e+00    9.89e-01                
1.04e+01    1.12e+00                
1.18e+01    1.04e+00                
1.28e+01    9.74e-01                
1.54e+01    7.78e-01                
1.61e+01    7.57e-01                
1.80e+01    6.58e-01                
1.89e+01    5.41e-01                
1.99e+01    4.77e-01                
2.12e+01    4.21e-01                
2.25e+01    4.09e-01                
2.31e+01    3.86e-01                
2.38e+01    3.36e-01                
2.49e+01    3.13e-01                
2.62e+01    2.72e-01                
2.66e+01    2.54e-01                
2.72e+01    2.24e-01                
2.79e+01    1.98e-01                
2.90e+01    1.82e-01                
2.94e+01    1.60e-01                
3.09e+01    1.45e-01                
3.19e+01    1.33e-01                
3.36e+01    1.23e-01                
3.44e+01    1.14e-01                
3.57e+01    9.97e-02                
3.70e+01    8.32e-02                
3.84e+01    6.56e-02                
3.90e+01    5.47e-02                
4.02e+01    4.82e-02                
4.11e+01    5.24e-02                
4.21e+01    5.39e-02                
4.29e+01    4.88e-02                
4.44e+01    4.95e-02                
4.52e+01    4.13e-02                
4.65e+01    3.64e-02                
4.72e+01    2.72e-02                
4.79e+01    2.68e-02                
4.80e+01    2.33e-02                
4.89e+01    2.30e-02                
4.93e+01    2.05e-02                
5.05e+01    1.69e-02                
5.14e+01    1.51e-02                
5.24e+01    1.53e-02                
5.37e+01    1.51e-02                
5.50e+01    1.33e-02                
5.60e+01    1.14e-02                
5.63e+01    9.02e-03                
5.66e+01    1.02e-02                
5.73e+01    8.53e-03                
5.84e+01    7.11e-03                
5.92e+01    4.82e-03                
6.07e+01    4.95e-03                
6.18e+01    4.36e-03                
6.32e+01    4.94e-03                
6.41e+01    4.67e-03                
6.51e+01    4.54e-03                
6.66e+01    4.11e-03                
6.89e+01    2.63e-03                
7.03e+01    2.26e-03                
7.13e+01    2.02e-03                
7.32e+01    1.48e-03                
7.54e+01    1.52e-03                
7.59e+01    1.36e-03                
7.90e+01    1.29e-03                
8.17e+01    7.80e-04                
8.33e+01    7.58e-04                
8.54e+01    5.98e-04                
8.71e+01    5.13e-04    5.39e-05    
8.88e+01    4.27e-04    6.06e-05    
8.96e+01    4.58e-04    6.49e-05    
9.09e+01    3.46e-04    4.50e-05    
9.28e+01    2.44e-04    3.17e-05    
1.00e+02    2.21e-04    3.91e-05    
1.06e+02    1.47e-04    2.26e-05    
1.07e+02    1.47e-04    2.26e-05    
1.09e+02    7.03e-05    1.40e-05    
1.19e+02    5.92e-05    1.18e-05    
1.28e+02    5.80e-05    1.92e-05    
1.37e+02    3.04e-05    1.48e-05    