Projectile: 7Li; target: 54Fe; E = 36.0 MeV
http://dx.doi.org/10.1016/0375-9474(80)90366-8
Angle       R/s
9.83e+00    9.91e-01                
1.09e+01    1.03e+00                
1.33e+01    1.12e+00                
1.53e+01    1.04e+00                
1.77e+01    9.85e-01                
1.98e+01    8.59e-01                
2.22e+01    6.46e-01                
2.45e+01    5.17e-01                
2.69e+01    3.81e-01                
2.89e+01    2.98e-01                
3.11e+01    2.42e-01                
3.34e+01    1.81e-01                
3.58e+01    1.36e-01                
3.79e+01    1.02e-01                
4.01e+01    8.96e-02                
4.23e+01    7.03e-02                
4.45e+01    4.96e-02                
4.69e+01    3.50e-02                
4.90e+01    3.39e-02                
5.11e+01    2.60e-02                
5.35e+01    1.60e-02    1.79e-03    
5.57e+01    1.29e-02    1.91e-03    
5.77e+01    1.00e-02    1.48e-03    
6.01e+01    7.64e-03    1.32e-03    