Projectile: 7Li; target: 58Ni; E = 19.0 MeV
http://dx.doi.org/10.1088/0305-4616/5/12/014
Angle       R/s
22.421      1.032e+00               
25.219      1.032e+00               
32.468      1.019e+00               
34.503      1.019e+00               
35.776      1.090e+00               
38.066      1.102e+00               
39.211      1.166e+00               
42.391      1.179e+00               
43.663      1.153e+00               
44.552      1.114e+00               
45.952      1.139e+00               
48.241      1.126e+00               
49.258      1.088e+00               
50.656      1.016e+00               
52.436      1.016e+00               
55.740      8.666e-01               
61.205      6.981e-01               
66.668      4.798e-01   4.653e-02   
72.007      4.091e-01   3.887e-02   
77.092      3.691e-01   2.817e-02   
82.423      1.977e-01   1.634e-02   