Projectile: 7Li; target: 58Ni; E = 34.0 MeV
http://dx.doi.org/10.1016/0375-9474(80)90366-8
Angle       R/s
8.29e+00    9.04e-01                
9.51e+00    9.45e-01                
1.05e+01    9.06e-01                
1.17e+01    9.16e-01                
1.27e+01    9.78e-01                
1.38e+01    1.00e+00                
1.49e+01    1.03e+00                
1.62e+01    1.05e+00                
1.73e+01    1.05e+00                
1.83e+01    1.04e+00                
1.94e+01    1.00e+00                
2.05e+01    9.41e-01                
2.18e+01    8.45e-01                
2.27e+01    7.93e-01                
2.38e+01    7.04e-01                
2.50e+01    6.33e-01                
2.61e+01    5.81e-01                
2.71e+01    5.05e-01                
2.83e+01    4.53e-01                
2.97e+01    4.03e-01                
3.06e+01    3.66e-01                
3.16e+01    3.25e-01                
3.27e+01    3.05e-01                
3.39e+01    2.65e-01                
3.50e+01    2.33e-01                
3.62e+01    2.00e-01                
3.72e+01    1.78e-01                
3.82e+01    1.56e-01                
3.94e+01    1.39e-01                
4.07e+01    1.23e-01                
4.16e+01    1.11e-01                
4.27e+01    1.01e-01                
4.37e+01    9.07e-02                
4.49e+01    8.06e-02                
4.60e+01    6.78e-02                
4.71e+01    6.03e-02                
4.81e+01    5.35e-02                
4.93e+01    4.61e-02                
5.00e+01    4.37e-02                
5.14e+01    3.92e-02                
5.25e+01    3.48e-02                
5.37e+01    3.13e-02                
5.49e+01    2.75e-02                
5.59e+01    2.50e-02                
5.69e+01    2.06e-02                
5.82e+01    1.79e-02                
5.92e+01    1.61e-02                
6.05e+01    1.54e-02                
6.13e+01    1.23e-02                
6.23e+01    1.10e-02                
6.34e+01    1.11e-02                
6.45e+01    9.93e-03                
6.56e+01    8.27e-03                
6.65e+01    6.74e-03                
6.77e+01    6.89e-03                
6.86e+01    5.44e-03                
6.98e+01    4.83e-03                
7.09e+01    4.89e-03                
7.19e+01    3.94e-03                
7.29e+01    3.99e-03                
7.39e+01    3.54e-03    5.33e-04    
7.50e+01    3.47e-03    5.23e-04    
7.61e+01    2.45e-03    4.63e-04    
7.72e+01    2.02e-03    4.45e-04    
7.82e+01    1.56e-03    2.76e-04    
7.94e+01    2.02e-03    3.76e-04    
8.02e+01    1.43e-03    2.79e-04    
8.15e+01    1.29e-03    2.94e-04    
8.25e+01    1.56e-03    2.90e-04    
8.34e+01    1.58e-03    3.08e-04    
8.45e+01    8.77e-04    2.00e-04    
8.55e+01    1.02e-03    2.32e-04    