Projectile: 7Li; target: 60Ni; E = 34.0 MeV
http://dx.doi.org/10.1016/0375-9474(80)90366-8
Angle       R/s
9.46e+00    8.67e-01                
1.07e+01    8.49e-01                
1.17e+01    8.97e-01                
1.28e+01    9.27e-01                
1.39e+01    9.69e-01                
1.51e+01    1.01e+00                
1.60e+01    1.03e+00                
1.72e+01    1.04e+00                
1.82e+01    9.62e-01                
1.95e+01    9.03e-01                
2.05e+01    8.29e-01                
2.17e+01    7.78e-01                
2.27e+01    7.15e-01                
2.38e+01    6.50e-01                
2.50e+01    5.78e-01                
2.61e+01    5.25e-01                
2.72e+01    4.57e-01                
2.82e+01    4.11e-01                
2.93e+01    3.61e-01                
3.04e+01    3.25e-01                
3.16e+01    2.95e-01                
3.28e+01    2.63e-01                
3.39e+01    2.39e-01                
3.49e+01    2.05e-01                
3.61e+01    1.81e-01                
3.71e+01    1.54e-01                
3.84e+01    1.35e-01                
3.93e+01    1.23e-01                
4.04e+01    1.08e-01                
4.15e+01    1.00e-01                
4.27e+01    8.87e-02                
4.39e+01    8.06e-02                
4.47e+01    7.25e-02                
4.59e+01    5.79e-02                
4.70e+01    5.32e-02                
4.80e+01    4.68e-02                
4.93e+01    4.16e-02                
5.03e+01    3.70e-02                
5.14e+01    3.33e-02                
5.26e+01    3.06e-02                
5.35e+01    2.69e-02                
5.46e+01    2.44e-02                
5.57e+01    2.01e-02                
5.69e+01    1.70e-02                
5.78e+01    1.46e-02                
5.90e+01    1.42e-02                
5.99e+01    1.27e-02                
6.09e+01    1.12e-02                
6.21e+01    1.05e-02                
6.32e+01    7.98e-03                
6.43e+01    8.90e-03                
6.53e+01    7.03e-03                
6.63e+01    5.55e-03                
6.74e+01    5.05e-03                
6.85e+01    5.27e-03                
6.95e+01    4.30e-03                
7.05e+01    3.83e-03                
7.17e+01    3.83e-03                
7.25e+01    3.26e-03                
7.36e+01    3.13e-03    4.69e-04    
7.48e+01    2.72e-03    3.74e-04    
7.58e+01    1.87e-03    3.78e-04    
7.69e+01    2.20e-03    4.06e-04    
7.79e+01    2.06e-03    3.99e-04    
7.89e+01    1.11e-03    1.75e-04    
7.99e+01    8.68e-04    1.82e-04    
8.10e+01    1.22e-03    3.08e-04    
8.20e+01    1.12e-03    2.46e-04    
8.31e+01    6.87e-04    1.61e-04    
8.41e+01    5.92e-04    1.49e-04    
8.51e+01    7.67e-04    1.61e-04    