Projectile: 15N; target: 13C; E = 32 MeV
http://dx.doi.org/10.1016/0375-9474(75)90264-X
Angle       R/s
44.40000    0.26000     12.00000    
48.80000    0.30000     17.00000    
52.80000    0.25000     16.00000    
57.50000    0.13000     15.00000    
62.20000    0.06500     12.00000    
66.30000    0.08200                 
69.10000    0.08200     10.00000    
73.40000    0.05070                 
77.70000    0.02820                 
80.50000    0.02810     7.00000     
83.00000    0.02860                 
84.10000    0.01820                 
88.00000    0.01020                 
93.80000    0.02090                 
99.70000    0.06320                 
101.30000   0.05550                 
103.30000   0.04370                 
105.60000   0.02780                 
107.80000   0.01490                 
111.00000   0.00945                 
114.50000   0.03190                 
116.60000   0.04290                 
120.70000   0.05760                 
124.30000   0.05260                 
129.10000   0.04040                 
133.10000   0.02850                 
136.30000   0.02660                 
140.50000   0.04830                 