Projectile: 10B; target: 16O; E = 65.8 MeV
https://doi.org/10.1016/0375-9474(79)90309-9
Angle       R/s
1.217e+01   3.733e-01               
1.383e+01   4.579e-01               
1.543e+01   4.303e-01               
1.691e+01   2.571e-01               
1.862e+01   1.177e-01               
2.010e+01   1.443e-01               
2.187e+01   2.210e-01               
2.330e+01   2.172e-01               
2.495e+01   1.058e-01               
2.655e+01   4.351e-02   5.563e-03   
2.826e+01   7.155e-02   1.110e-02   
2.980e+01   1.198e-01   1.124e-02   
3.128e+01   1.048e-01   1.398e-02   
3.288e+01   7.890e-02   1.159e-02   
3.455e+01   5.330e-02   1.063e-02   
3.630e+01   3.161e-02   1.090e-02   