Projectile: 14N; target: 10B; E = 42 MeV
http://dx.doi.org/10.1103/PhysRevC.38.741
Angle       R/s
19.1        0.596                   
20.9        0.537                   
23.9        0.552                   
26.5        0.442                   
33.         0.196                   
33.4        0.208                   
37.7        0.185                   
38.6        0.202                   
40.7        0.1135                  
42.9        0.0762                  
42.9        0.0678                  
48.1        0.0894                  
48.1        0.0806                  
52.4        0.0675                  
52.9        0.0726                  
55.5        0.0517                  
55.9        0.0446                  
58.         0.0287                  
60.7        0.0362                  
63.3        0.0384                  
68.5        0.0345                  
70.6        0.0302                  
73.6        0.0183                  
78.9        0.0193                  
85.8        0.0117      6.          
91.4        0.0152                  
99.3        0.0246                  
103.2       0.0231                  
108.        0.018                   
111.9       0.0217      5.          
115.8       0.024       4.          
120.1       0.0274      5.          
124.5       0.0269                  
128.4       0.0269                  
132.7       0.0225                  
136.2       0.0292                  
136.6       0.0272                  
140.6       0.0409      3.          
144.1       0.05        3.          
148.9       0.0531      3.          
149.3       0.0493                  
151.9       0.052       3.          
152.8       0.05        3.          
156.2       0.0578      5.          
160.6       0.086       5.          
164.5       0.117       5.          
168.9       0.111       5.          
172.3       0.111       7.         