Projectile: 9Be; target: 13C; E = 50.46 MeV
https://doi.org/10.1103/PhysRevC.41.2425
Angle       R/s
9.7         1.17                    
10.9        0.57                    
12.5        0.446                   
14.6        0.225                   
17.6        0.484                   
18.9        0.429                   
21.         0.381                   
23.3        6.7e-02                 
25.5        0.157                   
27.3        0.299                   
28.5        0.352                   
31.4        0.17                    
34.2        3.83e-02                
36.         6.2e-02                 
37.8        0.145                   
39.9        0.158                   
42.         0.114                   
43.1        3.84e-02                
46.1        4.34e-02                
48.7        0.101                   
51.7        9.4e-02                 
57.1        4.19e-02                
60.9        9.e-02                  
64.3        8.7e-02                 
69.3        4.94e-02                
73.1        3.3e-02     18.         
76.4        2.e-02      20.         
80.2        2.2e-02     14.         
84.5        2.2e-02     14.         
87.4        1.4e-02     21.         
92.5        1.7e-02     24.         
97.1        2.e-02      30.         
102.2       1.3e-02     50.         
107.3       2.1e-02     24.         
112.4       2.3e-02     26.         
117.4       1.2e-02     50.         
122.5       2.3e-02     30.         
127.6       4.5e-02     40.         
131.9       4.1e-02     30.         
137.        5.5e-02     29.         
142.        4.9e-02     40.         
147.6       8.6e-02     30.         
152.3       0.15        30.         
157.4       0.18        30.         
161.1       0.14        29.         
162.        0.23        30.         
167.2       0.47        28.         
172.3       0.7         60.         