Projectile: 7Li; target: 28Si; E = 36.0 MeV
http://dx.doi.org/10.1016/0375-9474(73)90824-5
Angle       C/s
12.124      1.579e+04               
15.970      4.127e+03               
18.643      1.382e+03   2.303e+02   
21.488      5.552e+02   6.780e+01   
22.491      3.906e+02               
24.670      2.320e+02               
27.020      1.697e+02               
30.372      7.665e+01               
30.863      3.602e+01               
34.054      2.436e+01   3.250e+00   
36.073      2.373e+01               
36.908      1.669e+01               
39.257      1.129e+01               
40.088      6.044e+00   8.743e-01   
45.458      2.659e+00   4.142e-01   
48.314      1.971e+00               
49.473      6.952e-01               
51.655      4.955e-01               
57.882      4.951e-01               
61.243      3.621e-01               
64.075      7.202e-02               
65.701      3.205e-03               
69.290      6.319e-02               