Projectile: 7Li; target: 48Ca; E = 34.0 MeV
http://dx.doi.org/10.1016/0375-9474(80)90366-8
Angle       R/s
1.44e+01    7.40e-01                
1.59e+01    8.16e-01                
1.73e+01    6.72e-01                
1.89e+01    6.84e-01                
2.02e+01    4.14e-01                
2.13e+01    3.30e-01                
2.30e+01    3.30e-01                
2.45e+01    2.47e-01                
2.60e+01    2.28e-01                
2.75e+01    1.87e-01                
2.89e+01    1.36e-01                
3.03e+01    1.29e-01                
3.17e+01    1.13e-01                
3.31e+01    1.14e-01                
3.45e+01    8.52e-02                
3.62e+01    5.78e-02                
3.74e+01    5.69e-02                
3.89e+01    4.05e-02                
4.02e+01    3.92e-02                
4.15e+01    3.80e-02                
4.29e+01    2.98e-02                
4.57e+01    2.05e-02                
4.83e+01    1.51e-02                
5.41e+01    9.96e-03                
5.67e+01    4.22e-03                
5.95e+01    4.16e-03    6.80e-04    
6.22e+01    4.17e-03    8.14e-04    
6.48e+01    2.40e-03    3.27e-04    
6.75e+01    1.18e-03    1.76e-04    
7.02e+01    1.30e-03    2.47e-04    
7.27e+01    1.56e-03    2.54e-04    