Projectile: 7Li; target: 54Fe; E = 42.0 MeV
http://dx.doi.org/10.1016/0375-9474(80)90366-8
Angle       R/s
1.10e+01    1.18e+00                
1.32e+01    1.09e+00                
1.54e+01    9.38e-01                
1.77e+01    7.41e-01                
1.98e+01    5.50e-01                
2.23e+01    4.30e-01                
2.44e+01    3.16e-01                
2.67e+01    2.22e-01                
2.89e+01    1.81e-01                
3.12e+01    1.30e-01                
3.35e+01    8.73e-02                
3.58e+01    7.20e-02                
3.80e+01    5.57e-02                
3.99e+01    4.01e-02                
4.22e+01    2.62e-02                
4.46e+01    2.09e-02                
4.70e+01    1.78e-02                
4.91e+01    1.07e-02                
5.12e+01    7.23e-03                
5.34e+01    6.92e-03    8.52e-04    
5.55e+01    5.24e-03    5.84e-04    
5.76e+01    3.65e-03    4.94e-04    
6.00e+01    2.29e-03    5.39e-04    