Projectile: d; target: 6Li; E = 5 MeV
https://doi.org/10.1016/0375-9474(70)90510-5
Angle       C/s
39.8        2.484e+02               
46.6        1.544e+02               
52.7        9.467e+01               
59.5        5.445e+01               
65.5        4.377e+01               
71.1        2.826e+01   3.069e+00   
77.2        2.214e+01   1.779e+00   
83.2        2.159e+01   4.942e+00   
94.4        2.134e+01   4.884e+00   
105.3       2.029e+01               
110.2       1.954e+01               
114.3       2.139e+01               
118.4       2.312e+01               
124.0       2.436e+01               
128.9       2.469e+01               
133.4       2.534e+01               
137.1       2.704e+01               
141.6       2.705e+01               
145.4       2.742e+01               
149.5       2.743e+01               
153.2       3.081e+01               
157.4       3.004e+01               
160.4       3.005e+01               
164.1       2.893e+01               
167.9       2.857e+01               
170.9       2.680e+01               