Projectile: 10Be; target: d; E = 60 MeV
https://doi.org/10.1103/PhysRevLett.108.192701
Angle       R/s
33.2        5.74        0.15        12.0        
35.7        4.44        0.19        12.0        
38.1        2.69        0.18        12.0        
40.4        1.40        0.15        12.0        
43.8        0.12        0.10        12.0        
47.0        1.23        0.13        12.0        
50.2        2.67        0.30        12.0        
53.4        4.17        0.25        12.0        
56.6        4.76        0.30        12.0        
59.8        5.09        0.21        12.0        
63.0        5.02        0.17        12.0        
66.2        5.45        0.31        12.0        