Projectile: 15N; target: 13C; E = 30 MeV
http://dx.doi.org/10.1016/0375-9474(75)90264-X
Angle       R/s
33.30000    0.49000     14.00000    
38.90000    0.37000     11.00000    
42.90000    0.30600     8.00000     
43.80000    0.35000     11.00000    
48.10000    0.23100     13.00000    
51.30000    0.21000     14.00000    
52.80000    0.15100     15.00000    
56.50000    0.15300     8.00000     
60.40000    0.10000     9.00000     
61.50000    0.07600     9.00000     
64.80000    0.08770     3.00000     
70.10000    0.12200     16.00000    
73.80000    0.11200                 
78.50000    0.06710                 
80.40000    0.04300                 
83.00000    0.02090                 
85.90000    0.02920                 
87.80000    0.01510                 
100.00000   0.02330                 
102.40000   0.02530                 
104.10000   0.02520                 
106.10000   0.02520                 
108.50000   0.02310                 
111.10000   0.00948                 
112.30000   0.00870     13.00000    
119.60000   0.04580                 
123.60000   0.04190                 
127.60000   0.04450                 
132.40000   0.02800     11.00000    
135.90000   0.01780     11.00000    
139.10000   0.02010     8.00000     