Projectile: p; target: d; E = 6 MeV
https://doi.org/10.1103/PhysRevC.52.1193
Angle       C/s
23.6        186.7                   
23.6        188.3                   
26.5        180.5       1.2         
29.4        177.1       1.2         
32.6        173.7       1.2         
35.8        169.6                   
38.4        165.0                   
41.6        160.9                   
44.1        155.7                   
45.7        153.2                   
47.4        151.0                   
48.3        148.2                   
50.2        145.4                   
52.8        139.8                   
56.0        134.6                   
58.6        129.0                   
61.5        122.8                   
64.3        117.2                   
66.9        111.6                   
69.5        105.7                   
72.4        100.1                   
75.3        94.5                    
75.9        93.0                    
80.1        84.9                    
83.9        76.8                    
88.1        69.4                    
91.9        63.5                    
95.8        56.6                    
99.6        51.4                    
103.8       47.0                    
107.7       43.9                    
111.8       41.7                    
113.5       41.7                    
116.0       41.7                    
118.0       42.3                    
119.9       43.2                    
123.8       47.0                    
127.7       53.5                    
131.9       62.5                    
135.8       74.2                    
140.3       89.7                    
143.9       108.3                   
148.1       129.1                   
152.0       151.7       0.9         
155.9       177.5       1.6         
159.9       201.3       1.9         